#include "functions.h"

int main()
{
		system("cls");															// очистка командной строки
		int n;																	// переменная для хранения кол-ва считанных структур из текстового файла f.txt
		int num;																// переменная для хранения кол-ва станций пересадок
		int graph[V][V] =
		{
			{0, 18, 29, 40, 50, 62, 81, 120, 213, 63, 107, 149, 214, 274, 300, 17, 35, 77, 113, 133, 22, 74, 140, 243, 316, 342, 0 ,0, 0, 0, 0, 0},
			{18, 0, 11, 22, 32, 44, 63, 102, 195, 0, 0, 0, 0, 0, 0, 0, 0, 0, 0, 0, 0, 0, 0, 0, 0, 0, 0, 0, 0, 0, 0, 0},
			{29, 11, 0, 11, 21, 33, 52, 91, 184, 0, 0, 0, 0, 0, 0, 0, 0, 0, 0, 0, 0, 0, 0, 0, 0, 0, 0, 0, 0, 0, 0, 0},
			{40, 22, 11, 0, 10, 22, 41, 80, 173, 0, 0, 0, 0, 0, 0, 0, 0, 0, 0, 0, 0, 0, 0, 0, 0, 0, 0, 0, 0, 0, 0, 0},
			{50, 32, 21, 10, 0, 12, 31, 70, 163, 0, 0, 0, 0, 0, 0, 0, 0, 0, 0, 0, 0, 0, 0, 0, 0, 0, 0, 0, 0, 0, 0, 0},
			{62, 44, 33, 22, 12, 0, 19, 58, 151, 0, 0, 0, 0, 0, 0, 0, 0, 0, 0, 0, 0, 0, 0, 0, 0, 0, 0, 0, 0, 0, 0, 0},
			{81, 63, 52, 41, 31, 19, 0, 39, 132, 0, 0, 0, 0, 0, 0, 0, 0, 0, 0, 0, 0, 0, 0, 0, 0, 0, 0, 0, 0, 0, 0, 0},
			{120, 102, 91, 80, 70, 58, 39, 0, 93, 0, 0, 0, 0, 0, 0, 0, 0, 0, 0, 0, 0, 0, 0, 0, 0, 0, 0, 0, 0, 0, 0, 0},
			{213, 195, 184, 173, 163, 151, 132, 93, 0, 0, 0, 0, 0, 0, 0, 0, 0, 0, 0, 0, 0, 0, 0, 0, 0, 0, 72, 107, 117, 158, 60, 82},
			{63, 0, 0, 0, 0, 0, 0, 0, 0, 0, 44, 86, 151, 211, 237, 0, 0, 0, 0, 0, 0, 0, 0, 0, 0, 0, 0, 0, 0, 0, 0, 0},
			{107, 0, 0, 0, 0, 0, 0, 0, 0, 44, 0, 42, 107, 167, 193, 0, 0, 0, 0, 0, 0, 0, 0, 0, 0, 0, 0, 0, 0, 0, 0, 0},
			{149, 0, 0, 0, 0, 0, 0, 0, 0, 86, 42, 0, 65, 125, 151, 0, 0, 0, 0, 0, 0, 0, 0, 0, 0, 0, 0, 0, 0, 0, 0, 0},
			{214, 0, 0, 0, 0, 0, 0, 0, 0, 151, 107, 65, 0, 60, 86, 0, 0, 0, 0, 0, 0, 0, 0, 0, 0, 0, 0, 0, 0, 0, 0, 0},
			{274, 0, 0, 0, 0, 0, 0, 0, 0, 211, 167, 125, 60, 0, 26, 0, 0, 0, 0, 0, 0, 0, 0, 0, 0, 0, 0, 0, 0, 0, 0, 0},
			{300, 0, 0, 0, 0, 0, 0, 0, 0, 237, 193, 151, 86, 26, 0, 0, 0, 0, 0, 0, 0, 0, 0, 0, 0, 0, 0, 0, 0, 0, 0, 0},
			{17, 0, 0, 0, 0, 0, 0, 0, 0, 0, 0, 0, 0, 0, 0, 0, 18, 60, 96, 116, 0, 0, 0, 0, 0, 0, 0, 0, 0, 0, 0, 0},
			{35, 0, 0, 0, 0, 0, 0, 0, 0, 0, 0, 0, 0, 0, 0, 18, 0, 42, 78, 98, 0, 0, 0, 0, 0, 0, 0, 0, 0, 0, 0, 0},
			{77, 0, 0, 0, 0, 0, 0, 0, 0, 0, 0, 0, 0, 0, 0, 60, 42, 0, 36, 56, 0, 0, 0, 0, 0, 0, 0, 0, 0, 0, 0, 0},
			{113, 0, 0, 0, 0, 0, 0, 0, 0, 0, 0, 0, 0, 0, 0, 96, 78, 36, 0, 20, 0, 0, 0, 0, 0, 0, 0, 0, 0, 0, 0, 0},
			{133, 0, 0, 0, 0, 0, 0, 0, 0, 0, 0, 0, 0, 0, 0, 116, 98, 56, 20, 0, 0, 0, 0, 0, 0, 0, 0, 0, 0, 0, 0, 0},
			{22, 0, 0, 0, 0, 0, 0, 0, 0, 0, 0, 0, 0, 0, 0, 0, 0, 0, 0, 0, 0, 52, 118, 221, 294, 320, 0, 0, 0, 0, 0, 0},
			{74, 0, 0, 0, 0, 0, 0, 0, 0, 0, 0, 0, 0, 0, 0, 0, 0, 0, 0, 0, 52, 0, 66, 169, 242, 268, 0, 0, 0, 0, 0, 0},
			{140, 0, 0, 0, 0, 0, 0, 0, 0, 0, 0, 0, 0, 0, 0, 0, 0, 0, 0, 0, 118, 66, 0, 103, 176, 202, 0, 0, 0, 0, 0, 0},
			{243, 0, 0, 0, 0, 0, 0, 0, 0, 0, 0, 0, 0, 0, 0, 0, 0, 0, 0, 0, 221, 169, 103, 0, 73, 99, 0, 0, 0, 0, 0, 0},
			{316, 0, 0, 0, 0, 0, 0, 0, 0, 0, 0, 0, 0, 0, 0, 0, 0, 0, 0, 0, 294, 242, 176, 73, 0, 26, 0, 0, 0, 0, 0, 0},
			{342, 0, 0, 0, 0, 0, 0, 0, 0, 0, 0, 0, 0, 0, 0, 0, 0, 0, 0, 0, 320, 268, 202, 99, 26, 0, 0, 0, 0, 0, 0, 0},
			{0, 0, 0, 0, 0, 0, 0, 0, 72, 0, 0, 0, 0, 0, 0, 0, 0, 0, 0, 0, 0, 0, 0, 0, 0, 0, 0, 35, 45, 86, 0, 0},
			{0, 0, 0, 0, 0, 0, 0, 0, 107, 0, 0, 0, 0, 0, 0, 0, 0, 0, 0, 0, 0, 0, 0, 0, 0, 0, 35, 0, 10, 51, 0, 0},
			{0, 0, 0, 0, 0, 0, 0, 0, 117, 0, 0, 0, 0, 0, 0, 0, 0, 0, 0, 0, 0, 0, 0, 0, 0, 0, 45, 10, 0, 41, 0, 0},
			{0, 0, 0, 0, 0, 0, 0, 0, 158, 0, 0, 0, 0, 0, 0, 0, 0, 0, 0, 0, 0, 0, 0, 0, 0, 0, 86, 51, 41, 0, 0, 0},
			{0, 0, 0, 0, 0, 0, 0, 0, 60, 0, 0, 0, 0, 0, 0, 0, 0, 0, 0, 0, 0, 0, 0, 0, 0, 0, 0, 0, 0, 0, 0, 22},
			{0, 0, 0, 0, 0, 0, 0, 0, 82, 0, 0, 0, 0, 0, 0, 0, 0, 0, 0, 0, 0, 0, 0, 0, 0, 0, 0, 0, 0, 0, 22, 0},
		};													
		struct s1* info;														// объявление массива структур для хранения информации о всех городах
		struct s2* infoWay = (struct s2*)calloc(1, sizeof(struct s2));			// объявление и выделение памяти массива структур для хранения информации о поездке пользователя
		ReadInfoFromFile1(&info, &n);
		infoWay = InitialMenu(graph, info, infoWay, n, &num);					// пользовательское меню
		free(info);
		free(infoWay);
	return 0;
}